2000
3228 3747
3599 4807
3083 4728
46 1454
83 3298
3334 1369
4641 4048
3851 4640
1591 4612
3137 1903
1147 1975
1168 2365
3706 1185
2687 3236
2610 937
4329 4420
1573 2766
522 369
1507 2065
3674 1540
2159 662
3013 2970
3821 1642
1710 4598
456 2952
4264 1786
712 1311
4655 4295
4613 4603
1508 3336
1632 1458
4383 4428
2601 753
891 2774
3885 2424
2505 386
1976 3946
1254 545
1961 41
1910 1805
1679 455
499 270
174 1923
2082 1946
348 1895
769 2538
4017 1746
3842 3497
1222 3687
4258 1249
4518 4514
1837 772
4106 1006
2337 289
4131 2093
3193 436
1471 4650
677 4218
2936 4006
777 3093
896 4615
1776 1121
4368 3343
647 4395
3986 38
1059 2414
4705 3247
4567 4689
1903 1113
4976 4681
820 4905
4195 139
2038 4319
1891 763
530 3880
70 4990
2370 4358
771 3865
4125 3564
1379 2298
4668 1537
426 1395
4298 201
1361 931
834 4373
3656 521
3065 2253
2615 231
1687 296
3199 189
2559 751
2386 206
1197 3871
1669 430
364 1539
2858 3653
1932 1371
4676 1498
3311 3376
1099 2564
412 1207
4455 1781
4721 2214
3257 1652
2218 113
285 2393
3425 3118
4034 2992
1012 2404
4846 1988
1135 4330
2368 3918
2060 1437
1576 1224
356 835
2880 2554
3011 4065
3363 4971
3071 2359
2871 1702
1252 4855
4110 1027
3434 3364
2448 118
2884 3434
2139 1474
1512 742
3117 3451
2190 280
4809 3587
1532 4566
3972 1373
4747 3991
1861 486
4848 2736
2124 696
4254 226
3430 4663
4918 3535
3836 3428
814 4228
2842 224
1644 1585
3322 4448
2859 3013
3907 2781
3921 2382
4037 1985
729 1958
2175 1386
4459 3684
4197 2011
2138 4896
3906 2170
1056 3423
3149 764
4710 1261
535 4054
4087 4064
4850 2080
1126 1479
1809 537
1607 152
2313 4131
3850 3479
3068 4313
1869 4316
3762 4915
509 4782
3100 810
2067 295
1035 2722
4986 2515
2906 4902
2828 3853
1450 1360
4531 608
1857 4495
3994 593
2314 3644
4027 454
2794 4185
2451 2895
4947 3432
844 4701
1897 2865
1009 478
3826 1501
1557 2350
2092 3205
3927 693
868 4622
1780 2470
4113 4122
4192 1664
281 3177
4673 2471
4265 1917
284 1692
1052 2761
1001 1632
2759 4433
150 2110
4323 3591
4024 4641
4992 533
3271 1384
907 1148
1398 1855
271 3733
3254 2622
2142 4787
1089 4137
4615 1330
960 2844
117 1611
2252 4930
4086 2551
4653 1205
1151 1962
2131 4028
4269 842
1962 4405
3338 4139
4909 4831
4418 1521
2867 504
4538 3766
2970 4635
4162 3985
2535 2060
3793 2559
3375 3415
4718 2558
1030 3829
1363 4203
2012 4950
1274 808
4079 3309
3343 3141
711 1556
2249 1791
3045 880
567 3826
1184 2301
1414 4998
4070 2118
1076 1557
153 3457
4959 3468
783 3156
3094 1610
2726 4469
4466 3752
2091 2520
184 1908
3761 4781
4690 28
2765 3035
586 3560
1266 799
1466 4977
353 4489
4492 3461
4170 441
609 2255
2028 4762
2743 598
1743 4515
839 3425
2680 3085
2557 988
3486 2141
3512 976
2301 4593
579 4391
1399 1299
195 2611
278 2360
4584 4118
4240 419
4117 4145
4559 2280
1282 3005
3081 4193
1178 2048
4726 1256
944 4818
2570 1532
3741 1317
496 2887
1807 891
1155 3942
2461 3841
2605 512
3965 4162
1923 4471
3568 3064
2037 4738
3873 734
4450 3887
3414 1417
2582 2594
4497 1530
753 2772
4623 3472
870 4513
4808 514
1613 4900
2893 3800
4031 2295
4093 2300
3400 459
1427 1894
2480 3816
2551 1677
4489 347
3345 4773
3666 1774
3848 994
4012 1324
2564 3199
1308 2314
1468 965
187 556
1877 2436
2268 639
1967 1701
3209 2317
4646 1869
166 1690
4552 1243
1064 3399
517 2867
63 3117
705 2279
1068 1555
1875 4092
2611 2541
589 4170
2771 1633
2585 3083
4834 647
4962 4562
1447 1780
2181 1911
651 1346
3708 2997
2332 839
2126 1743
3220 3575
2143 2544
4502 2488
3862 1967
3989 3467
4461 2863
1488 220
349 4195
1775 3224
1183 3720
472 1810
4569 4441
992 576
3795 2672
665 2565
3266 112
2128 2862
4470 135
1023 2239
923 1575
858 3610
3643 111
342 2648
123 4236
3571 560
4116 4473
2589 2645
4956 3115
1063 4264
1635 2281
664 894
3475 874
1241 2556
3604 1519
4292 3437
3802 2033
3991 817
343 2485
1210 1158
2669 3557
2484 1364
461 2775
114 241
2194 216
1333 1197
1161 4347
4307 1569
1088 539
1482 81
1040 2723
3648 1699
2755 4808
1353 309
2419 3317
2944 3384
4209 227
4381 434
1326 68
2637 301
4447 4399
545 1432
3686 3710
4904 1426
1958 4298
1784 2087
1954 488
1446 870
327 3441
4098 1344
3721 3678
2250 631
3419 1403
1588 979
3834 496
47 599
3360 2264
4013 3881
1267 244
528 318
3654 1815
572 2371
4783 4780
3356 1525
516 744
3300 421
3027 3894
2533 4601
3233 4243
1253 242
3050 462
2362 3911
3865 2532
1173 4969
445 1260
4384 3181
4543 2235
741 1667
3953 3563
3887 920
3806 4703
898 719
62 4535
387 998
1339 2979
2823 3588
2607 3898
385 3847
3269 48
1439 4953
3456 1615
4939 4116
160 345
1014 2729
2109 474
1926 2324
4970 4107
4827 4651
4950 4747
3355 3676
24 1105
4544 3897
4354 3550
3803 2547
686 4800
2652 3863
3156 1764
2720 538
1338 1132
513 3767
1750 400
3378 2713
1152 4255
3780 1711
1969 2238
1349 2023
3501 3669
1764 3242
103 2829
1492 4438
2347 1549
371 2107
3284 3151
3929 4529
4957 3192
2306 4407
4380 3981
3240 2184
3903 4376
1773 2116
1735 2579
3875 1103
4829 3015
816 417
1587 3111
3937 399
3997 3267
1386 2896
4353 2288
4683 42
658 4983
555 182
3012 4076
804 2739
312 4031
2913 1173
1292 550
3315 408
1898 3545
2235 4112
1793 1069
1163 2381
4507 3864
3480 228
2432 1576
97 3652
2321 351
3988 2748
3164 4096
4805 4618
462 4423
341 3370
718 448
1004 2883
3147 2464
849 4602
1629 1928
346 3455
642 3993
2396 2914
1711 1083
1461 1753
3079 3144
4272 4565
1846 2230
1935 2508
1812 4110
427 2405
3849 571
199 4653
3341 2805
3683 2007
190 2947
2045 4124
1039 1716
714 2191
2937 1729
3145 3074
905 2334
3726 1931
1432 1603
2417 4069
4285 2017
3659 2130
1586 1391
3451 2476
3652 2114
4806 4496
3061 4309
4557 1409
1436 2694
1641 3452
1789 148
95 960
2673 1568
3084 578
2302 378
1194 2831
3394 1693
3566 4149
614 1776
3788 92
1372 3927
4373 2312
329 2374
895 3365
4231 4809
330 2528
4958 885
2473 1685
3574 1129
323 1926
2161 1825
4748 2833
3491 1169
987 2012
19 4894
4091 1071
1855 1361
3178 1099
2376 1964
4160 4955
4282 4254
2308 85
4556 1730
1434 933
4867 2385
4686 1184
4043 1612
2747 1720
1698 4964
3781 1434
1285 3833
1643 1583
3879 3547
4375 1978
4267 3630
730 3478
2088 4163
3718 3820
750 392
2800 451
1968 896
4745 3937
4598 4647
130 3824
1139 1150
1868 877
3695 4968
212 1013
3132 2367
498 2665
4862 4274
2316 1625
3412 1854
1490 3908
107 4276
2208 4207
604 88
229 4280
165 869
1730 4757
1660 4141
1912 508
2260 279
1822 3507
354 2101
1057 4783
3598 1263
2468 4340
338 2567
3498 530
3773 2715
4499 1394
827 864
2062 384
2929 43
1782 2913
2322 1848
3210 620
2258 2097
2309 1626
561 3389
2257 2251
1981 672
3006 117
2927 1018
2799 3290
3720 2384
2105 3458
3869 1572
4948 1675
3467 515
4036 4273
3399 2696
1181 3279
2483 4389
2527 3828
2481 4259
1311 197
3449 1151
3428 2139
3974 1734
1065 1478
3000 3373
625 3935
4215 1934
1680 1052
2225 4099
4980 846
1032 610
1777 2752
1356 2543
320 2058
934 2134
3911 283
275 4695
4167 2028
2757 3574
3817 4765
2398 607
2870 1022
3099 752
972 3179
2569 2442
1261 200
1677 3997
1437 708
3812 4916
3747 3049
2523 4302
861 4952
619 1687
1042 4279
2013 344
3222 910
3874 3398
805 4040
2625 1039
2860 4661
999 3444
904 3812
1820 2907
4551 1912
2511 1953
2713 30
504 2126
675 2112
908 1880
1011 1905
2657 3010
1765 3277
866 211
1296 2974
1600 1475
1021 4088
2231 2490
757 628
2213 3004
1067 4293
1503 1021
2021 3226
2609 3969
2821 4467
1465 342
2690 4265
683 4140
4746 4342
4076 4397
680 4457
3292 76
3058 4362
4738 2875
2995 3765
3007 4103
2801 4543
1391 4789
1756 3026
2280 167
3702 1897
21 1334
3243 225
3362 1016
1553 143
2758 440
1213 3755
3967 1081
1330 2339
4932 4059
1796 4180
490 53
4386 2168
2894 3101
2647 21
3274 2001
503 1852
1509 3860
1010 3076
2063 2258
4587 3540
5 2379
3052 4985
4665 2642
994 1939
1331 1571
610 1486
2146 1124
4425 4246
2024 4760
3039 3239
2117 414
4916 4435
4869 1399
2558 1470
1101 129
4280 3388
4146 824
350 192
791 4972
1498 4516
248 1308
2471 4477
4985 1054
4289 1900
754 4290
2670 3417
3510 743
482 3235
4982 1447
2744 458
4367 1623
2440 2227
269 4447
2047 4608
768 2971
1942 2550
347 546
3010 1731
4185 4710
1835 2439
2928 4453
3732 1285
185 4903
1306 862
3942 461
3401 1640
4182 264
28 4669
465 4642
1672 3603
2593 523
1310 3592
3789 1402
980 3285
1975 1342
1234 4051
2133 487
252 2256
2541 2400
1062 4557
137 787
922 278
1917 684
2798 188
3863 3544
4345 1278
455 4278
1964 1167
112 3122
2627 4087
4510 827
3888 4102
3525 4245
1044 137
788 4792
493 2886
4179 964
3107 334
4275 4888
4886 972
3985 1366
2526 3073
4355 4307
4619 3303
159 3953
779 80
2399 204
720 58
2189 3372
3101 4999
2246 990
430 847
268 3280
4654 648
2715 3910
4468 1977
547 4239
4628 3241
437 413
3348 22
2807 2780
4634 3392
2388 4845
3138 1741
2422 511
3792 646
2070 3344
952 989
2384 1965
136 858
2818 1418
793 3988
864 3000
3855 415
4316 4294
4062 3957
1529 1058
1469 784
3891 2522
4429 1648
3183 1086
2101 3817
3504 2217
917 3750
2751 2640
765 105
622 1204
3344 1694
4142 2434
1708 3645
4968 4348
2594 1940
4858 3422
3703 3256
4314 3454
3565 3855
3144 2510
2975 1466
3087 3978
3816 2563
2293 438
4663 3482
951 669
2000 290
1813 3390
2665 3017
384 3998
1851 897
993 981
2892 1932
4620 2848
403 4733
73 2507
1246 2050
1452 1477
4539 3449
901 3822
4474 3091
390 1733
563 4549
2816 1935
1804 4676
3536 2852
425 2759
4177 4178
1425 618
4523 4292
4566 4053
4751 4159
4506 2304
4819 2817
3328 4346
3191 1904
4349 2422
4797 3380
925 3155
4843 2306
1778 3569
109 3758
413 3530
358 1128
2372 4291
2829 319
3763 313
4703 3929
1182 529
725 1133
2450 4081
3089 2950
919 423
1511 2231
4546 3296
1832 4479
2616 4388
1671 851
4847 2975
2899 431
322 525
288 314
2229 3646
3526 4390
1779 4939
4014 146
1118 1976
724 2363
1559 633
280 1453
945 2105
3330 4804
2144 3053
4949 3903
4203 4984
1862 450
2923 3577
521 472
4306 3094
1774 4725
3304 1804
1297 3294
3830 1503
4347 1293
559 3056
4230 1347
4433 2655
1116 1002
3577 2822
1636 3786
3754 3481
1265 2639
3694 527
3791 866
4896 1688
965 238
4875 147
4514 1616
850 1030
4988 2269
4053 3913
3426 1082
4319 3320
3734 1206
2855 108
1377 2209
3376 992
56 1025
2323 2953
1387 2777
1463 202
1417 3517
3437 941
880 3788
232 2962
4631 2345
4072 609
3858 1618
4790 3725
1825 2731
3275 1874
2815 2310
744 1245
2540 695
2976 3395
3134 2326
4612 2897
1342 327
428 463
1148 4778
1707 23
2849 3718
4516 927
4317 3797
1882 2475
1271 2879
1499 1867
4699 3838
3260 3475
3829 3429
3142 4004
4536 1578
1179 154
1426 3554
3995 4850
636 3070
3436 2598
3503 130
89 151
186 4312
2041 3741
4424 3189
3214 292
4697 2602
1960 2108
2385 1446
2136 2192
1382 3866
3890 1681
948 3266
3181 2152
36 1742
4648 3612
668 1097
4588 2561
3462 3198
671 453
824 157
1726 3206
4026 1051
1376 1339
4681 4993
3140 602
1849 4532
4458 3779
290 867
1817 3771
1996 4573
1514 3327
3590 4694
508 1262
108 3905
1733 2316
1325 2525
3749 4493
1595 1328
3303 1736
4000 4304
1279 4698
125 4897
722 4609
262 1853
1390 2720
1929 4229
4435 1691
2630 2221
3614 900
4478 138
1144 1463
2036 1084
4554 4975
1574 4398
4090 4732
3042 2651
4251 1217
4189 2737
2303 2261
2210 638
1341 1818
3310 2218
2214 1563
3415 873
3029 4979
2542 2890
3846 2705
3040 191
2941 2695
2885 919
3546 3870
319 4211
3615 2213
1131 256
1354 4575
1505 2662
2110 1202
3815 4555
4603 2233
1978 1340
2881 1504
296 3606
536 1333
1974 1558
2668 1790
4796 4418
2905 3046
1971 166
438 977
1497 1660
2352 3959
4002 1628
3999 605
3561 1359
1712 1326
4698 4443
4041 4912
3730 1698
1500 2769
501 2925
4080 4109
860 2071
1884 1947
3727 3312
1237 4111
4830 3353
4573 3097
3777 1435
3597 4100
4411 1370
4582 1893
7 1918
4321 3795
538 1061
87 1882
3420 1274
990 372
2710 401
4826 2740
3409 1574
2377 3323
4922 4198
3670 3326
4109 4691
1753 1797
3484 1803
4140 3742
581 4213
4579 11
835 1034
3127 4865
1272 107
1164 524
372 360
3775 1059
2961 3879
2528 2066
1058 831
4416 2315
3854 1431
4899 4545
973 1218
3472 2613
2590 3648
2383 2755
2095 4594
3236 1813
3544 2610
4708 4810
1950 1484
1673 4085
2875 3802
2078 3106
1797 4613
3432 2816
2 4954
1504 2599
202 3622
2762 1871
798 762
3609 2881
3285 3658
3508 2627
2513 2792
970 3843
3421 4222
985 321
2971 2788
1258 3161
3513 4533
4352 4505
3805 4881
544 4350
696 163
3307 2456
122 1029
984 3332
3248 1944
751 3542
171 4678
2981 4392
2186 2443
551 1234
3612 2413
2426 3695
2008 3919
4315 4369
4855 4486
4360 379
110 3029
1722 3944
111 3811
2485 2166
2230 3352
1915 3739
4704 4797
2693 4796
2912 3408
4129 4367
3605 4981
3507 1190
4032 911
3464 4910
4926 2588
2356 2113
57 236
3532 4947
33 4571
2130 1168
162 2809
3787 3172
541 1875
1706 1393
1150 3690
2299 3043
592 260
2200 2376
3043 4475
924 3168
4260 3459
1240 2936
500 3840
3318 2410
2272 3207
1100 2162
2504 126
2053 1273
4687 574
181 2468
4003 2734
2375 899
821 3448
1697 495
4115 1596
2865 1246
4952 2157
2650 3175
1654 2625
2027 587
1936 2206
3752 2733
4941 1320
2907 1878
3739 4649
3973 3585
3653 4739
2444 597
1824 2728
4702 2032
133 1577
1180 2346
3126 1581
10 2201
832 4037
1922 942
2769 4446
2811 779
3217 1276
4276 3951
4402 3154
1959 2427
2703 2742
3827 83
27 3602
4906 636
539 4766
4606 1216
3941 3578
1992 4802
4283 802
393 265
2227 3469
352 2505
88 348
762 4106
4671 3375
3772 4015
1302 738
2020 1860
1682 1272
3624 2841
3411 1666
1927 1421
873 2718
4761 4819
2171 4472
4568 1651
2486 1500
3458 3532
3944 3427
886 666
3573 218
449 1499
812 2702
1407 4503
196 1174
1741 3493
3709 4772
612 4926
2127 4854
4389 1063
4652 1092
4222 246
3554 793
3201 1551
4643 2198
93 4600
1366 1876
3623 4412
2962 3291
3289 2037
1827 3700
670 9
292 2386
3021 3830
2055 90
215 4130
2351 2820
4229 2409
593 1814
3545 3178
4484 106
4882 4208
2094 4509
2228 1164
1420 95
1885 1751
3673 517
2364 1534
434 1264
4999 3932
1840 2131
301 3960
3229 510
4892 210
3719 2423
4439 1864
3952 2248
3808 3212
417 2745
2960 2891
748 2348
4505 3769
1474 1877
3470 1715
4067 4877
378 4684
4511 2285
222 3163
1749 1487
3515 2892
887 490
1676 110
4188 1380
3072 2850
1589 4327
55 3157
3329 2553
4029 433
31 3354
4666 2762
494 1832
666 2181
3553 1194
240 3072
3779 503
1025 1398
2863 418
3782 4191
2965 3238
4100 3688
4201 4481
4374 2909
1288 657
2358 2744
365 1986
4522 4997
394 3209
2182 865
2877 3387
3167 2927
69 567
78 2691
1966 2834
4799 4384
4803 1135
3774 621
4318 1590
682 325
1371 4468
3294 923
3025 1468
4602 1987
4274 17
4729 3322
4614 1713
3871 3775
3699 1641
1721 237
534 2182
4372 4104
4772 2827
4156 1773
4633 2195
2465 830
307 2908
138 643
2326 3620
4871 1823
1662 2928
3711 1093
2079 1241
1610 4490
3033 819
4880 4522
542 3907
400 109
587 2499
1289 2313
2365 2747
698 1758
1970 3746
2455 697
71 3794
2900 1518
3841 1232
617 2669
4960 4616
2202 4580
1704 4148
1516 2165
2861 333
833 3414
1666 1668
709 1782
198 1074
4590 485
1402 4459
2211 1916
2836 2085
738 2268
2407 3513
1440 1350
3218 1837
3804 3962
2553 3819
4056 3925
3062 1400
2363 721
4688 2593
525 3260
3460 1143
3171 2380
237 3852
1859 836
2371 3128
104 3808
4936 46
957 1116
1343 796
113 2797
2793 1838
4451 651
197 2951
4427 3148
4593 4480
2653 3109
1770 698
157 5000
2264 2179
929 2070
1571 2935
2712 3782
1719 26
442 2003
1146 2976
4081 1725
2243 1839
1494 1993
1584 748
4023 552
4133 2671
523 355
470 4186
2118 4058
1845 4989
2430 881
1556 2421
96 3222
969 3258
2256 2178
4490 2307
17 678
2240 4735
684 2605
3766 3216
1268 2504
2947 507
474 1489
3247 718
883 62
3325 2123
2951 1312
233 3780
2120 3313
2498 3402
3611 3533
2157 2517
4088 2830
1073 717
728 1960
3020 3108
2667 2223
3004 774
2850 2200
4205 2666
4849 2431
2016 3615
2767 1828
2701 2056
3106 82
3735 3707
1002 4214
2081 800
4247 2626
1227 3349
4831 1329
1406 2512
1245 1766
314 4842
2844 13
4651 16
818 1543
4770 1546
2137 1464
397 2654
3327 3314
4617 4070
4915 2825
402 2931
1905 3366
2288 4190
143 1441
4736 3955
4388 2676
626 261
4873 1826
4120 1565
809 2402
856 57
3205 2560
3208 2566
3559 215
1617 1956
3450 828
3130 3641
3853 375
32 1452
1991 4219
2442 1457
414 494
1235 1146
3516 3306
558 2098
3433 722
1638 2864
831 3418
3664 1100
3538 4360
3678 3633
4764 4086
4194 2690
4123 2659
3499 2634
2086 4476
124 1211
2950 2412
228 2885
1524 1212
4084 4252
3018 2224
2176 1994
1041 3474
3971 615
2837 2663
1990 3930
3687 3084
510 4394
4152 302
379 640
257 714
2493 1428
4327 4585
2714 4994
641 2531
2643 2806
2851 3536
3521 2872
2660 2620
2054 1902
1579 2289
4788 4670
30 4705
4990 3661
624 4267
2300 968
2328 3121
8 513
3924 3257
2205 4209
243 4700
2890 29
339 4852
4840 4597
2876 2939
3807 3278
2574 781
1657 239
3729 4314
3446 2272
4421 483
2725 480
1871 3722
3938 3597
1228 3589
1423 2749
4709 2853
2735 3685
4390 1209
1085 2944
3351 2987
3589 4263
1154 1011
2651 4645
3626 2874
1108 2053
4438 403
989 3463
3698 3551
219 1225
4902 128
60 4281
1214 4060
129 3699
838 2368
4963 3729
4901 2603
3055 2823
4387 660
211 2917
377 1769
2956 268
853 2546
3273 346
1142 3185
4989 2124
4065 1788
2389 1254
1211 2333
3796 816
3429 3345
2518 493
3627 3940
2019 3537
2597 4628
2482 2150
2600 2884
1092 2467
1989 4869
2001 141
2580 184
1102 3674
2345 641
574 2903
2350 2154
4460 3225
3919 823
2808 3900
2114 2159
700 2738
420 4300
3321 1070
144 4525
4923 3709
3993 3773
4377 1138
663 481
3189 1314
4245 1760
4493 549
2285 4413
1072 3745
128 1166
4944 4134
1479 4813
4175 33
4542 101
2909 1802
4382 3882
2334 4033
4075 4201
1684 1512
1309 1057
2514 4169
1315 1247
1828 3407
2039 3082
4595 4230
444 1405
15 3443
2402 4707
1082 531
1737 4685
2940 3776
2741 2758
2084 3631
3914 3413
4700 1077
309 1921
656 4374
279 1682
743 2573
2317 1670
4018 3643
452 4938
3253 293
98 3629
4208 2956
1622 4057
735 720
3226 4870
4008 3801
2046 4933
806 888
115 3318
1709 2535
4370 3403
2193 1490
3402 98
4038 3798
2688 3671
4859 1747
2831 2024
2174 1198
3212 3087
3469 2128
2023 1959
3637 484
2080 4007
2072 3522
4232 3552
616 2278
1003 2347
2187 1761
3690 4638
3737 3933
3461 3696
3801 834
4824 4536
2709 4146
2633 829
706 682
205 739
147 1420
1397 4168
2507 690
4954 3884
571 4105
1087 3113
3074 1700
3746 1422
3169 1379
2394 4023
2748 801
4010 198
3264 477
1277 1732
4750 1213
959 175
2752 854
2454 1850
3003 1783
3717 4991
101 2397
2847 3856
487 1516
2562 3952
1281 1288
1541 4675
3037 3869
2902 4409
1138 3895
2796 4567
3372 3424
2640 635
1856 3524
4739 4393
654 24
2685 4449
3932 2845
4313 4936
1848 4003
4184 1535
1169 4082
4104 1354
3241 2004
3059 1672
3755 4726
3744 2967
1212 2986
4565 1356
2004 1930
1982 3827
2781 4788
1392 3509
2156 2693
328 3738
1655 4073
1352 1047
4625 2638
2926 4966
1745 604
776 1413
4239 3528
3302 2945
3057 4199
4852 35
139 363
3113 904
1977 1496
3738 1153
4610 559
2789 4164
4016 4791
3483 4386
3335 2836
3548 4523
2698 4020
1550 2148
3969 2842
1931 4189
1700 2536
192 4704
4775 2545
2834 405
4597 1181
1462 3883
1430 2013
598 1619
3489 1949
2179 390
3923 4860
2998 3367
1658 4862
633 2843
3326 4553
247 1449
3227 3583
2346 3558
977 4174
158 3492
168 464
183 563
1283 875
1129 945
902 2534
794 1676
2342 3300
3949 1439
615 4009
740 3945
1043 4584
3671 1065
1983 2389
4719 3465
4168 1352
4558 3730
4571 66
3876 2219
2678 1279
3048 3538
3902 2250
2286 2047
3028 3525
689 2796
1740 4764
764 2437
742 3664
4744 119
1364 31
2666 3915
2380 3579
2903 4719
1134 882
446 3254
3838 1020
1525 1566
4872 4444
4574 2709
1517 3166
602 3706
2845 3505
1069 2038
2517 2155
4993 3065
3196 4410
693 2068
1619 1165
4905 3150
3182 2910
2141 4893
1998 3506
1694 127
2524 4083
4066 153
2891 2030
3922 3704
3552 612
3947 838
4555 3584
1202 3054
3298 103
1132 2014
4972 3127
3135 2335
2924 4751
3161 1005
1443 1297
1526 3666
803 1294
3070 3337
3386 3697
2662 2487
3297 3892
1727 611
1174 2946
